image_width: 1280
image_height: 720
camera_name: imported
camera_matrix:
  rows: 3
  cols: 3
  data: [2357.86741806277, 0.0, 638.0153037079178, 0.0, 2521.5679671527664, 397.0388883423492,
    0.0, 0.0, 1.0]
distortion_model: plumb_bob
distortion_coefficients:
  rows: 1
  cols: 5
  data: [1.684025799715057, -38.48595010426445, 0.027083463641922177, -0.0017811667197219787,
    188.69341253982776]
rectification_matrix:
  rows: 3
  cols: 3
  data: [1.0, 0.0, 0.0, 0.0, 1.0, 0.0, 0.0, 0.0, 1.0]
projection_matrix:
  rows: 3
  cols: 4
  data: [2357.86741806277, 0.0, 638.0153037079178, 0.0, 0.0, 2521.5679671527664, 397.0388883423492,
    0.0, 0.0, 0.0, 1.0, 0.0]
